55,12
55,11
55,10
55,9
55,8
55,7
55,6
55,5
55,1
55,3
3,2
3,1
3,3
10,138
10,166
10,88
10,10
10,112
10,28
10,240
10,1
10,34
10,2
10,3
11,8
11,4
11,14
11,22
11,24
11,12
11,18
11,1
11,16
11,2
11,3
9,7
9,6
9,1
9,4
9,2
9,3
8,18
8,8
8,10
8,11
8,6
8,9
8,1
8,4
8,2
8,3
12,2
12,1
12,3
20,2
20,1
20,3
19,2
19,1
19,3
21,3
21,2
21,1
21,0
7,13
7,12
7,11
7,10
7,9
7,8
7,7
7,6
7,1
7,5
18,1
7,4
6,7
18,3
6,6
6,5
6,1
6,4
4,88
4,87
4,86
4,85
4,84
4,83
4,82
4,81
4,80
4,79
4,78
4,77
4,76
4,75
4,74
4,73
4,72
4,71
4,70
4,69
4,68
4,67
4,66
4,65
4,64
4,40
4,39
4,38
4,37
4,36
4,35
4,34
4,33
4,32
4,31
4,30
4,29
