60,2
60,4
60,1
60,3
63,1
63,3
64,1
64,3
55,4
55,1
55,3
10,300
10,284
10,138
10,150
10,66
10,102
10,304
10,16
11,20
11,4
11,8
11,14
11,18
11,24
9,6
9,4
8,4
8,13
8,12
21,3
21,2
21,1
21,0
20,3
20,2
20,1
19,2
12,3
19,1
12,2
19,3
12,1
11,25
11,21
11,19
11,13
11,9
11,5
11,3
11,2
11,1
10,309
10,283
10,253
10,235
10,223
10,155
10,91
10,33
10,3
10,2
10,1
9,7
9,5
9,3
9,2
9,1
8,16
8,15
8,14
8,10
8,9
8,8
8,5
8,3
18,1
8,2
18,3
8,1
7,13
7,12
7,11
7,10
7,9
7,8
7,7
7,6
7,5
14,1
7,4
14,3
7,1
13,1
6,7
6,6
13,3
6,5
6,4
6,1
4,88
4,87
4,86
4,85
4,84
4,83
4,82
4,81
4,80
4,79
